
The command exited with code 0.
Output:
procs -----------memory---------- ---swap-- -----io---- -system-- -------cpu-------
 r  b   swpd   free   buff  cache   si   so    bi    bo   in   cs us sy id wa st gu
 9  0      0 458080  32712 4633272  271  285  3293  1980 6824   29 16  5 78  1  0  0
 5  1      0 447392  32852 4633492    0    0   260 144560 6199 11489 81 14  4  1  0  0
 4  0      0 476808  32864 4612880    0    0   128 145444 6696 12218 81 11  7  2  0  0
 9  1      0 564572  32884 4633712    0    0     8 165220 6023 11628 80 18  2  0  0  0
 5  0      0 633412  32904 4614748    0    0     0 125452 6532 11996 85 12  2  1  0  0

